# mlir version: v1.16.beta.0-41-g5eba2a0e2-20250329
# mlir: yolov5s.mlir
# genetated time: 2025-03-29 19:17:37.095677
# histogram number: 2048
# sample number: 100
# tune number: 5
###
# op_name    threshold    min    max
images 1.0000080 0.0000000 1.0000080
122_Conv 41.3965934 -102.5830078 97.6811905
124_Mul 37.5106535 -0.2784646 97.6811905
125_Conv 47.1815676 -143.7054749 122.0843964
127_Mul 40.2210960 -0.2784646 122.0843964
128_Conv 31.4278812 -87.9203949 7.2770586
130_Mul 4.1728115 -0.2784646 7.2720323
131_Conv 14.1151227 -56.4878769 26.2175198
133_Mul 12.8790629 -0.2784646 26.2175198
134_Conv 12.0755455 -28.0139217 21.4674892
136_Mul 11.2673463 -0.2784646 21.4674892
137_Add 15.4161576 -0.5569289 21.8679295
138_Conv 16.8830147 -87.1445618 32.7312393
140_Mul 16.2038027 -0.2784646 32.7312393
141_Concat 15.3848552 -0.5569289 32.7312393
142_Conv 10.1108731 -26.1318836 20.3617535
144_Mul 10.7872731 -0.2784646 20.3617535
145_Conv 6.6411943 -23.5942383 14.6030436
147_Mul 5.0024950 -0.2784646 14.6030369
148_Conv 3.1164827 -9.6138067 3.1807456
150_Mul 1.4256768 -0.2784646 3.0538440
151_Conv 5.5718281 -9.2047396 11.0392189
153_Mul 6.0574169 -0.2784646 11.0390415
154_Conv 4.6472812 -8.3929777 6.5965910
156_Mul 2.7249085 -0.2784646 6.5875983
157_Add 3.0826729 -0.5569291 6.4813166
158_Conv 5.3322751 -9.7856169 13.2319212
160_Mul 6.0202351 -0.2784646 13.2318974
161_Conv 6.1356087 -11.6967611 11.3704691
163_Mul 5.0606023 -0.2784646 11.3703375
164_Add 6.0625000 -0.8353832 11.2195692
165_Conv 4.9485011 -13.0808010 9.8933477
167_Mul 5.7720362 -0.2784646 9.8928480
168_Concat 6.1856928 -0.8353832 11.2195692
169_Conv 5.0361652 -9.9950371 14.1977425
171_Mul 3.8448517 -0.2784646 14.1977320
172_Conv 8.1010027 -12.2995272 10.7299538
174_Mul 4.3151193 -0.2784646 10.7297182
175_Conv 3.8254275 -10.4345942 4.8210158
177_Mul 1.8924140 -0.2784646 4.7824759
178_Conv 7.6103926 -14.0082455 22.2673759
180_Mul 5.4147941 -0.2784646 22.2673759
181_Conv 7.1015167 -7.2738361 5.2815275
183_Mul 2.3559298 -0.2784646 5.2548089
184_Add 2.5441866 -0.5569291 6.2368002
185_Conv 6.5157456 -10.4764948 15.9981499
187_Mul 5.0012946 -0.2784646 15.9981480
188_Conv 5.7633753 -11.1177454 11.5353975
190_Mul 3.7030654 -0.2784646 11.5352850
191_Add 4.8559604 -0.8353803 11.3395863
192_Conv 6.5948248 -12.5005589 13.1543512
194_Mul 5.7246659 -0.2784646 13.1543264
195_Conv 8.5791378 -15.7548075 14.0733738
197_Mul 5.5463737 -0.2784646 14.0733633
198_Add 7.4291143 -1.1136924 19.0741959
199_Conv 6.6167030 -13.8977118 11.9555645
201_Mul 6.6990430 -0.2784646 11.9554873
202_Concat 6.6498326 -1.1136924 19.0741959
203_Conv 7.0402508 -9.9871292 12.5199146
205_Mul 5.0854647 -0.2784646 12.5198679
206_Conv 7.7696476 -10.5464907 12.6158485
208_Mul 5.1100507 -0.2784646 12.6158066
209_Conv 6.6458068 -8.1118078 7.6525564
211_Mul 2.7048114 -0.2784646 7.6489248
212_Conv 10.5492668 -15.6282940 25.7571526
214_Mul 8.4290810 -0.2784646 25.7571526
215_Conv 12.7107182 -15.4626265 19.6418324
217_Mul 6.9880301 -0.2784646 19.6418324
218_Add 17.8812160 -0.5569290 25.0214844
219_Conv 8.4966173 -12.0497570 12.8501682
221_Mul 8.4633350 -0.2784646 12.8501348
222_Concat 8.5421546 -0.5569290 25.0214844
223_Conv 10.7511177 -14.1500959 12.7797089
225_Mul 5.8535880 -0.2784646 12.7796726
226_Conv 6.0347242 -6.4210620 7.5521865
228_Mul 6.0141401 -0.2784646 7.5482235
229_MaxPool 6.3679128 -0.2708364 7.5482235
230_MaxPool 7.5482235 -0.2090112 7.5482235
231_MaxPool 7.5482235 -0.1215192 7.5482235
232_Concat 7.4632293 -0.2784646 7.5482235
233_Conv 7.8852711 -9.2879581 10.3055191
235_Mul 5.8886897 -0.2784646 10.3051739
236_Conv 7.1860666 -8.4023724 11.4636440
238_Mul 5.8253198 -0.2784646 11.4635239
243_Resize 5.8253198 -0.2784646 11.4635239
244_Concat 5.0854647 -0.2784646 12.5198679
245_Conv 6.4949861 -8.1369877 8.1075764
247_Mul 3.0914851 -0.2784646 8.1051350
248_Conv 6.8277445 -8.8246574 12.1080933
250_Mul 4.3756915 -0.2784646 12.1080265
251_Conv 6.0698757 -10.1671171 8.2155371
253_Mul 3.7794608 -0.2784646 8.2133169
254_Conv 6.4149938 -8.3350220 8.2129984
256_Mul 3.9131985 -0.2784646 8.2107725
257_Concat 3.7794608 -0.2784646 8.2133169
258_Conv 7.9655819 -12.8481512 12.8388424
260_Mul 5.0992064 -0.2784646 12.8388090
261_Conv 5.8103752 -7.6392808 9.5802050
263_Mul 4.3043596 -0.2784646 9.5795422
268_Resize 4.3043596 -0.2784646 9.5795422
269_Concat 3.8448517 -0.2784646 14.1977320
270_Conv 5.4096899 -6.6905298 4.6406503
272_Mul 2.3743878 -0.2784646 4.5962896
273_Conv 5.0221610 -7.7910428 5.2005749
275_Mul 3.4598326 -0.2784646 5.1720591
276_Conv 9.0628586 -15.5917950 13.0980854
278_Mul 9.0954742 -0.2784646 13.0980587
279_Conv 6.3380899 -9.1526575 5.9715414
281_Mul 5.0156180 -0.2784646 5.9563503
282_Concat 9.0954742 -0.2784646 13.0980587
283_Conv 21.0617466 -38.1249619 30.8303680
285_Mul 17.3646093 -0.2784646 30.8303680
286_Conv 6.7469025 -11.4337854 9.7463179
288_Mul 4.8051522 -0.2784646 9.7457476
289_Concat 4.8051522 -0.2784646 9.7457476
290_Conv 6.6245756 -9.2287312 9.2436714
292_Mul 6.0295630 -0.2784646 9.2427778
293_Conv 6.9379621 -13.1005411 7.5350842
295_Mul 3.9002727 -0.2784646 7.5310621
296_Conv 10.5021639 -19.5179482 12.4602041
298_Mul 5.7284079 -0.2784646 12.4601555
299_Conv 6.3895288 -9.6933794 9.4697628
301_Mul 5.8141947 -0.2784646 9.4690323
302_Concat 5.7284079 -0.2784646 12.4601555
303_Conv 20.9935498 -32.0847816 30.0464802
305_Mul 17.3058108 -0.2784646 30.0464802
306_Conv 7.1975875 -10.0075245 10.2492886
308_Mul 5.8650732 -0.2784646 10.2489262
309_Concat 5.8438387 -0.2784646 11.4635239
310_Conv 9.2830839 -12.9558458 14.4575701
312_Mul 6.7579892 -0.2784646 14.4575634
313_Conv 8.7874479 -13.6010695 9.7356615
315_Mul 5.6432004 -0.2784646 9.7350855
316_Conv 11.4385529 -19.5587044 13.3479948
318_Mul 6.8756235 -0.2784646 13.3479738
319_Conv 7.5985098 -11.3041344 11.2671738
321_Mul 7.1922817 -0.2784646 11.2670298
322_Concat 6.8756235 -0.2784646 13.3479738
323_Conv 13.9505224 -24.7614136 24.0667324
325_Mul 11.0829824 -0.2784646 24.0667324
326_Conv 18.7847080 -21.8335743 7.4543304
349_Reshape 18.7847080 -21.8335743 7.4543304
350_Transpose 18.7847080 -21.8335743 7.4543304
474_Conv 15.4331808 -16.5881824 6.9698753
497_Reshape 15.4331808 -16.5881824 6.9698753
498_Transpose 15.4331808 -16.5881824 6.9698753
622_Conv 14.8676071 -15.8964767 7.1556244
645_Reshape 14.8676071 -15.8964767 7.1556244
646_Transpose 14.8676071 -15.8964767 7.1556244
